  97535 False
   9347 True
    225 0
     33 25
     33 21
     28 24
     25 26
     25 23
     25 22
     24 45
     24 32
     22 40
     22 34
     22 143733
     21 20
     20 35
     19 39
     19 27
     18 37
     17 41
     17 38
     17 33
     17 1
     16 73
     16 54
     15 66
     15 47
     15 46
     15 42
     15 31
     14 59
     14 52
     14 43
     12 63
     12 143026
     11 51
     11 50
     11 49
     11 48
     10 8
     10 57
     10 56
     10 30
     10 28
     10 157400
     10 152933
     10 13
      9 77
      9 67
      9 58
      9 42440
      9 29
      9 2
      9 199253
      9 10
      8 9
      8 61
      8 53
      8 307920
      8 267160
      8 218573
      8 189840
      8 188320
      8 167693
      7 69
      7 68
      7 64
      7 62
      7 36
      7 225546
      7 207333
      7 204666
      7 14
      7 136000
      6  Barthe
      6 81
      6 76
      6 7
      6 65
      6 6
      6 391560
      6 319893
      6 30474
      6 301333
      6 280500
      6 250000
      6 246426
      6 240760
      6 240000
      6 229033
      6 193800
      6 185217
      6 18
      6 179690
      6 169092
      6 164000
      6 162911
      6 16
      6 15
      6 146093
      6 112960
      6 11
      5 92986
      5 83
      5 79
      5 72
      5 55
      5 47000
      5 44
      5 304053
      5 256933
      5 236320
      5 230400
      5 219788
      5 197146
      5  1954"
      5 192000
      5 19
      5 17
      5 167800
      5 159123
      5  14/04/1984; 2004 Remaster"
      5 132688
      5 125624
      4  Violin
      4  Op. 90
      4  MC 6.8 ""Fatto per la Notte di Natale"": 5. Pastorale (Largo)"
      4  Los Angeles / 2013"
      4  Insomnia
      4  for Violin and Cello"
      4  ""Fatto per la Notte di Natale"": III. Adagio - Allegro - Adagio"
      4  and More (Loopable Audio for Insomnia
      4 98506
      4 78
      4 75986
      4 75
      4 74
      4 71560
      4 67760
      4 432040
      4 414613
      4 408053
      4 403666
      4 382187
      4 360224
      4 335853
      4 3
      4 272133
      4 264466
      4 264293
      4 253626
      4 251493
      4 247704
      4 245533
      4 238173
      4 236973
      4 234330
      4 234000
      4 232026
      4 231000
      4 230933
      4 227920
      4 219169
      4 218093
      4 215382
      4 212773
      4 212500
      4 210476
      4 207960
      4 204000
      4  2
      4 196638
      4 195790
      4 192040
      4 191124
      4 190476
      4 190217
      4 189386
      4 182568
      4 178626
      4 178264
      4 178240
      4 174266
      4 169404
      4 169108
      4 166840
      4 163548
      4 162897
      4 162000
      4 160000
      4 139266
      4 130412
      4 115546
      3  Suite in D Major
      3  Romances
      3  RCT 2: V. Le rappel des oiseaux (Live in Japan
      3 Oração Ao Tempo - Ao Vivo
      3  Little Star"
      3  komm
      3  il catalogo è questo"""
      3  Halsey
      3  Duas Paixões"
      3 Arrancacorazones - Acústico en Vivo
      3 98000
      3 97920
      3 96880
      3 96133
      3 93451
      3 90786
      3 90053
      3 86333
      3 86160
      3 84653
      3 71960
      3 65000
      3 64492
      3 60
      3  570 & 576"
      3 55293
      3 546471
      3 45532
      3 436453
      3 425481
      3 422826
      3 406040
      3 384293
      3 378949
      3 37533
      3 347525
      3 344346
      3 339320
      3 316440
      3 313626
      3 309493
      3 308240
      3 308000
      3 304640
      3 295160
      3 292670
      3 291280
      3 284000
      3 282000
      3 279093
      3 271573
      3 267918
      3 266733
      3 266066
      3 253746
      3 252026
      3 251061
      3 251053
      3 246400
      3 242573
      3 239516
      3 237266
      3 236382
      3 235284
      3 234440
      3 232800
      3 232680
      3 231453
      3 229282
      3 227973
      3 226561
      3 225500
      3 224133
      3 224000
      3 223840
      3 223280
      3 223146
      3 222250
      3 222213
      3 220636
      3 219973
      3 219013
      3 218640
      3 215893
      3 215520
      3 215226
      3 212715
      3 211760
      3 208773
      3 208535
      3 207755
      3 207037
      3 205714
      3 205666
      3 204933
      3 202706
      3 202533
      3 200773
      3 200646
      3 200489
      3 199680
      3 198426
      3 197840
      3 197520
      3 195933
      3 194560
      3 194240
      3 192560
      3 190223
      3 187960
      3 181800
      3 181733
      3 181386
      3 176933
      3 176609
      3 173546
      3 171266
      3 169946
      3 169756
      3 169058
      3 165000
      3 163680
      3 160626
      3 160050
      3 158719
      3 157893
      3 156000
      3 153600
      3 152452
      3 151173
      3 150200
      3 149856
      3 148893
      3 147800
      3 140680
      3 140546
      3 138733
      3 129132
      3 126000
      3 12
      2  Yummy)"
      2  WoO 59 ""Für Elise"""
      2  Vals"
      2 Unut Beni
      2  Sydney
      2  Stereoclip Remix"
      2  Sanadora y Revitalizante"
      2  Sacerdoti)"
      2  Row
      2  Ramfis
      2 Pure Brown Noise
      2  Philadelphia
      2  Op. 9: No. 9
      2  Op. 9: No. 8a
      2  Op. 9: No. 7
      2  Op. 9: No. 6
      2  Op. 9: No. 5
      2  Op. 9: No. 4
      2  Op. 9: No. 3
      2  Op. 9: No. 21
      2  Op. 9: No. 20
      2  Op. 9: No. 2
      2  Op. 9: No. 19
      2  Op. 9: No. 18
      2  Op. 9: No. 17
      2  Op. 9: No. 16
      2  Op. 9: No. 15
      2  Op. 9: No. 14
      2  Op. 9: No. 13
      2  Op. 9: No. 12
      2  Op. 9: No. 11
      2  Op. 9: No. 10
      2  Op. 9: No. 1
      2  Op. 26: V. Finale (Live in Japan
      2  Op. 26: IV. Intermezzo (Live in Japan
      2  Op. 26: II. Romanze (Live in Japan
      2  Op. 26: III. Scherzino (Live in Japan
      2  Op. 26: I. Allegro (Live in Japan
      2  Norsk"
      2  No. 3"
      2  No. 2"
      2  Meu Pai"
      2  Meditation
      2  LWV 53: Dormons
      2 "Links
      2  Let Me Get What I Want - 2011 Remaster"
      2 Klubbland
      2  Kevin Roldan
      2  Healing
      2  Girls
      2 "Gasolina (with Pitbull
      2  Four
      2  Folkevise"
      2 "Fokus (Jugglerz
      2  D.839 (Arr. Johannes Palaschko)"
      2 Chance - Acústico en Vivo
      2  Car
      2  Capriccio"
      2  BWV 846"
      2  Bryllupsdag på Troldhaugen"
      2  Bonita e Carinhosa Faz o Homem Gemer Sem Sentir Dor"
      2  and Restless Children)"
      2  Act I Scene 1: No. 5b
      2 99733
      2 99708
      2 99173
      2 99000
      2 98560
      2 97041
      2 96586
      2 96554
      2 96000
      2 95991
      2 95706
      2 94891
      2 94438
      2 94365
      2 93194
      2 92394
      2 92000
      2 90743
      2 88600
      2 88229
      2 87866
      2 87746
      2 87040
      2 86600
      2 86120
      2 85960
      2 84800
      2 82
      2 81466
      2 80453
      2 80419
      2 79360
      2 78800
      2 76946
      2 76560
      2 76533
      2 748206
      2 735026
      2 72973
      2 71409
      2 71000
      2 71
      2 69653
      2 68733
      2 67546
      2 65536
      2 64839
      2 64615
      2 64379
      2 64039
      2 63893
      2 63259
      2 62325
      2 62280
      2 61906
      2 60226
      2 60026
      2 600040
      2 590666
      2 58946
      2 58306
      2 576520
      2 57342
      2 559666
      2 55613
      2 547960
      2 540120
      2 52213
      2 521159
      2 514479
      2 505663
      2 48960
      2 489306
      2 487392
      2 487173
      2 469400
      2 468480
      2 452706
      2 44920
      2 44910
      2 445866
      2 434908
      2 434594
      2 42586
      2 420653
      2 417666
      2 410066
      2 404613
      2 402000
      2  4"
      2 398266
      2 39733
      2 395221
      2 393740
      2 392638
      2 388358
      2 387333
      2 385846
      2 384999
      2 381946
      2 374205
      2 371264
      2 368613
      2 368612
      2 368226
      2 363253
      2 363120
      2 362640
      2 358733
      2 358095
      2 355160
      2 35450
      2 353293
      2 352258
      2 350510
      2 349306
      2 348581
      2 343253
      2 342479
      2 341946
      2 338086
      2 337586
      2 33680
      2 33653
      2 332250
      2 329577
      2 326000
      2 325884
      2 325829
      2 325506
      2 324253
      2 323946
      2 323500
      2 32250
      2 32169
      2 320625
      2 320080
      2 320000
      2 31900
      2 318840
      2 316907
      2 316556
      2 316004
      2 314440
      2 313866
      2 312733
      2 31106
      2 310000
      2 308200
      2 307053
      2 304000
      2 303266
      2 303020
      2 301280
      2 300720
      2 300105
      2 299746
      2 299520
      2 298880
      2 297813
      2 295960
      2 294933
      2 294883
      2 294586
      2 291826
      2 291360
      2 290893
      2 289772
      2 289573
      2 289240
      2 288346
      2 288293
      2 287634
      2 285533
      2 285442
      2 284514
      2 284120
      2 282400
      2 282026
      2 281000
      2 279373
      2 279240
      2 278506
      2 278413
      2 277320
      2 277060
      2 277026
      2 276818
      2 276586
      2 275840
      2 273866
      2 273800
      2 273266
      2 272228
      2 271000
      2 270982
      2 268293
      2 268000
      2 267589
      2 266746
      2 265438
      2 264706
      2 263600
      2 262400
      2 261880
      2 261519
      2 261079
      2 261001
      2 260223
      2 260186
      2 260107
      2 259760
      2 259519
      2 259265
      2 258465
      2 258440
      2 257732
      2 257346
      2 257023
      2 256120
      2 256013
      2 256000
      2 255933
      2 255320
      2 254049
      2 253173
      2 252733
      2 252133
      2 251866
      2 251466
      2 251066
      2 250400
      2 249260
      2 248571
      2 247226
      2 246106
      2 245720
      2 244782
      2 244240
      2 244091
      2 243960
      2 243666
      2 243573
      2 243250
      2 243000
      2 242266
      2 241917
      2 241813
      2 241560
      2 241304
      2 241173
      2 241171
      2 241066
      2 239866
      2 239666
      2 238746
      2 238666
      2 238285
      2 237800
      2 237426
      2 237093
      2 236400
      2 235840
      2 234800
      2 234092
      2 233733
      2 231933
      2 231226
      2 231080
      2 230266
      2 229933
      2 229816
      2 229773
      2 228810
      2 228066
      2 227853
      2 227692
      2 227466
      2 226760
      2 225756
      2 225293
      2 225173
      2 225133
      2 224106
      2 224040
      2 223314
      2 222960
      2 222533
      2 222271
      2 222017
      2 221120
      2 220000
      2 219933
      2 219154
      2 218906
      2 218533
      2 217636
      2 217480
      2 215266
      2 215080
      2 214874
      2 214491
      2 214455
      2 214335
      2 214266
      2 213573
      2 213360
      2 212662
      2 212586
      2 210453
      2 210373
      2 209600
      2 209520
      2 209360
      2 209293
      2 208840
      2 208573
      2 208360
      2 208293
      2 207946
      2 207187
      2 206994
      2 206973
      2 206546
      2 206333
      2 205838
      2 205706
      2 205240
      2 204773
      2 204250
      2 203807
      2 203470
      2 203386
      2 202677
      2 202630
      2  2017"
      2 201541
      2 201413
      2 201133
      2 201076
      2 201058
      2 200914
      2 200000
      2 199522
      2 199413
      2 198493
      2 198333
      2 198160
      2 197933
      2 196960
      2 196858
      2 196752
      2 196493
      2 196330
      2 196182
      2 195333
      2 195093
      2 194720
      2 194666
      2 194213
      2 194002
      2 193733
      2 193280
      2 193200
      2 192760
      2 192600
      2 192397
      2 192053
      2 191905
      2 191613
      2 191506
      2 191098
      2 190746
      2 190384
      2 190275
      2 190106
      2 190030
      2 189493
      2 188960
      2 188637
      2 188613
      2 188466
      2 188426
      2 188400
      2 187853
      2 187800
      2 187273
      2 187226
      2 187026
      2 186666
      2 186400
      2 186213
      2 186133
      2 186026
      2 186000
      2 185546
      2 185160
      2 184724
      2 184111
      2 184066
      2 183800
      2 183666
      2 183466
      2 183293
      2 183089
      2 183072
      2 182733
      2 182653
      2 182158
      2 181933
      2 181746
      2 181613
      2 181306
      2 181000
      2 180266
      2 179800
      2 179257
      2 179093
      2 178750
      2 178333
      2 177840
      2 177533
      2 177453
      2 177333
      2 177000
      2 176853
      2 176734
      2 176103
      2 175894
      2 175840
      2 175824
      2 175614
      2 175000
      2 174453
      2 174067
      2 173893
      2 173693
      2 172195
      2 171733
      2 171586
      2 171512
      2 171466
      2 171335
      2 171280
      2 168923
      2 168773
      2 168653
      2 167746
      2 167594
      2 167538
      2 167523
      2 167441
      2 167426
      2 166533
      2 166133
      2 165947
      2 165866
      2 165506
      2 164640
      2 163813
      2 163466
      2 163083
      2 162857
      2 162186
      2 162146
      2 162009
      2 161803
      2 161333
      2 161133
      2 160960
      2 160682
      2 160426
      2 160422
      2 159853
      2 159381
      2 158840
      2 158746
      2 157837
      2 157566
      2 157418
      2 156468
      2 156431
      2 156190
      2 156038
      2 155706
      2 155306
      2 155238
      2 154446
      2 154336
      2 153931
      2 152880
      2 152764
      2 152250
      2 152000
      2 151906
      2 151826
      2 151586
      2 151240
      2 151120
      2 150600
      2 150440
      2 150002
      2 149052
      2 148773
      2 148095
      2 147539
      2 147046
      2 146623
      2 146000
      2 145748
      2 145626
      2 145319
      2 144880
      2 144840
      2 143626
      2 143320
      2 141360
      2 141071
      2 141026
      2 140733
      2 140492
      2 140199
      2 139684
      2 139640
      2 139088
      2 139040
      2 138546
      2 138400
      2 138386
      2 138197
      2 135693
      2 135400
      2 135266
      2 135000
      2 134933
      2 133960
      2 132933
      2 132320
      2 132101
      2 132000
      2 131735
      2 131599
      2 131332
      2 130000
      2 129144
      2 125966
      2 124880
      2 124760
      2 124525
      2 123165
      2 122556
      2 121920
      2 119480
      2 119346
      2 119026
      2 118840
      2 117984
      2 115867
      2 115626
      2 114600
      2 114080
      2 113066
      2 112786
      2 112140
      2 111595
      2 109513
      2 109226
      2 107280
      2 106000
      2 102701
      2 102160
      2 101600
      2 000
      1  не гони лошадей"
      1  на просторе"
      1  верю"
      1  Z. 629: See
      1 Yoga Bakgrundsmusik
      1  Xote da Alegria
      1  Xir & Sansar Salvo)"
      1  WWV 75: Prelude to Act I - Live"
      1  Woman Smarter - Live at Civic Arena
      1  Wobble"
      1 "White Noise (Loopable
      1  White Noise
      1  When (featuring Styles)"
      1  We're Going to the Moon!"
      1  Was durch seine Blüte der Lenz"
      1  Was)"
      1 Walking the Night/The World Falls Away
      1  verzeih'n / 7 Tage – 7 Nächte / Du bist ein Wunder / Augen zu und durch"
      1 Vacuum with Pure Brown Noise - Loopable with no fade
      1 Tx Mix"
      1  tu signore possente"" (Amonasro
      1  tsarja khrani"
      1 Toque Terapeutico
      1  Tinashe
      1  Til foråret"
      1 Thunderstorm in the Backyard
      1 Three Preludes: II. Allegro con Moto ‘Blue Lullaby’
      1 The Muppet Show Theme
      1  The Last
      1  The Heavens"
      1 The Foxhunter
      1  The American Idiot Broadway Company)"
      1  TH 138: No. 9
      1  TH 135 (Excerpts): No. 6
      1  TH 135 (Excerpts): No. 11
      1  TH 132: No. 2
      1 Téir Abhaile Riu
      1 Tänka Positivt
      1  Synths & Electric Rhythm Guitars)"
      1  Suelen de Jesus
      1  Study Aid
      1  St. Louis
      1 Sova Musik
      1  Sonne
      1 "Sonido de la Naturaleza
      1  Sommerfugl"
      1  So lohnet die Natur den Fleiß"
      1 Sleep Baby: Sea Waves Loop
      1  Slash
      1 "Singing Birds
      1  Shoulders
      1  Shiave
      1 She Gives Me Love
      1  Séguedille et Duo
      1  Secador
      1  Scene. Moderato"
      1  Scène III: Air tendre en rendeau"
      1  Scene 4: Entrée de Polymnie"
      1  Scene 3: No. 12 Divertissement
      1  Scene 2: ""O terra
      1  Saufen
      1 Sarhoş Gibiyim
      1 Så länge du är med mig
      1  Sacerdoti
      1  RV 297 ""L'inverno"": II. Largo"
      1  RV 297 ""L'inverno"": I. Allegro non molto"
      1 Rushing Cold Icelandic Waterfall
      1  Royal Detective (Theme Song)"
      1  Row Your Boat"
      1  Rondo Fof Orchestra
      1 Reiki Healing (Musica para Relajar)
      1 "Rain to fall asleep(Loopable
      1  Rain Go Away"
      1  Rainforests
      1  Rainfall for Overstimulated
      1  Raindrops for Holding
      1  Raekwon
      1  Radamès)"
      1  Radamès
      1  Quem Sorriu Foi a Patroa
      1  Quando"
      1 Pure Brown Noise with a Dryer
      1 Psalm 90 (Satisfy Us with Your Love)
      1  Prologue Scene 4: Air pour les thessaliens et thessaliennes"
      1 Precis som Romeo
      1 Práctica Espiritual
      1  Powfu
      1  Power!"
      1 Positivt Tänkande
      1  Polka
      1  Pierre-Yves Macé)"
      1 Pianobar
      1  Perhaps A Cowboy King - Demo"
      1 Pasodobles
      1  Pa
      1  Op. Posth."
      1  Op. 9 No. 2: II. Adagio"
      1  Op. 97"
      1  Op. 3: I. Preludio
      1  Op. 3: III. Sarabanda
      1  Op. 26: Amen - Instrumental"
      1  o guerriero vindice"" (Coro)"
      1  o Dali
      1  No Grito
      1  Noel (Remastered 2014)"
      1  No. 4"
      1  No. 2: II. Adagio"
      1  No. 1"
      1 Ne perdez jamais espoir
      1 Naturens Ljud för Sömn
      1  Natti Natasha
      1  Na)"
      1 My Lagan Love
      1 Music Is The Key - Steve Silk Hurley House Key
      1 Música Doce
      1 Mountains
      1  Mother's Heartbeat and Other"
      1  More (Of Your Kisses)"
      1  + More!"
      1  moja zvezda"
      1  mittags
      1  mi perdición"
      1  Meu Paraíso"
      1  Messaggero
      1  Mercédès)"
      1  Megha Sriram Dalton
      1 Meditación Budista (Musica de Relajacion para Escuchar)
      1 May It Be
      1  Max Vangeli Remix"
      1  Matthias Heilbronn & Joeski
      1 Mamama
      1  Mallika)"
      1  LWV 64/1: Dies irae dies illa"
      1 Lullaby
      1 Lugn Musik
      1  Love Me Like You Do
      1 Living Water
      1 "Light Showers (Loopable
      1  Liden fugl"
      1  lempee
      1  Lari Friedman
      1  l'amour vous joue en ce moment un assez vilain tour! (Carmen/Le Remendado/Le Dancaïro/Bohémiens/Zuniga)"
      1  'La campanella'"
      1  Knees & Toes (Exercise Song for Kids)"
      1  Knees and Toes"
      1  Kitty"
      1  Keishon Trigga
      1  Kaumakaiwa
      1  K. 442: II. Andantino. Tempo di minuetto"
      1  Josh Williams"
      1  Jesus"
      1 Jag vill ha allting
      1  Iván Ferreiro
      1 Inre Balans
      1  I'm Just A Loser For Your Love"
      1 Iluminada - Ao Vivo
      1  Ihr Schönen aus der Stadt"
      1 If I Only Had the Time
      1 "I Can’t Get Enough (benny blanco
      1  HWV 312: II. Largo"
      1  Healing Music with Nature Sounds"
      1 Hatıram Olsun
      1  Hate & Depression"
      1 Harry's Game
      1 Harmoni
      1  Haartrockner
      1  gospoda ofitsery"
      1  Go Away Nursery Rhyme"
      1  GO!"
      1  G. Larsen & S. Meisfjord for Violin
      1  Gib Mir
      1  gentil Aida?"" (Amneris
      1  Gastone)"
      1 Går vidare
      1 Fuerza Vital
      1  Fran C
      1  Fox Sparrow
      1  Forest
      1  FL 5/21/77 (Live)"
      1  feat. Sentidos Opuestos
      1  ""Fatto per la Notte di Natale"": I. Vivace - Grave"
      1 Fågelkvitter
      1 Extraño Tu Amor
      1 Evert Taube
      1  Espírito"
      1  Epaules
      1  en bok
      1  dix-septième ordre: No. 2
      1 Dishwasher 1 - Loopable
      1  die Goass is weg"
      1  deuxième ordre: No. 23
      1  Deep Healthy Sleep"
      1 "Dansbandsmedley (Inatt inatt
      1 Dagliga Meditationer
      1 Culture Vulture
      1  CT
      1  Crickets and more (Loopable Audio for Insomnia
      1  Cotton
      1  Compa)"
      1  Come Back"
      1  Chorus)"
      1  Choir & Chamber Ensemble)"
      1 Chakras (Como Hacer Meditacion)
      1 Chakra Meditation
      1  CG 9 / Act 1: Ah
      1  c'est la guerre! (Zuniga/Le Dancaïro/Le Remendado/Bohémiens/Carmen/Don José/Frasquita/Mercédès/Bohémiens et Bohémiennes)"
      1 Centro Budista (Musica Relajantes)
      1  Carmen (Carmen/Don José)"
      1  Cappadonna
      1  Cantabile
      1  CA - July 1998"
      1 Bultande Hjärta
      1  Buckle My Shoe"
      1  brattsy
      1 Bouncing Up and Down
      1 Black And White Rag
      1 "bitches (feat. Charli XCX
      1 Bir Of Çeksem
      1  Berlin / 2018"
      1  Berlin"
      1 Babbling Creek Sound (No Music)
      1  Autumn Song"
      1 Augusti i helvetet
      1  August 13
      1 Arthur
      1  April 26
      1  appressati"" (Amneris
      1  and Labrinth)"
      1  and an Office Shredder"
      1  Amonasro
      1  Amneris)"
      1  Ambient Sounds - 1"
      1 All In Vain - Steve Silk Hurley House Mix
      1  Alfedans"
      1 Aku Skandal
      1  Air Conditioners...)"
      1  Aida)"
      1  ad Iside"" (Coro)"
      1  Act I Scene 5: Revenez
      1  Act I Scene 5: Je vous revois
      1  Act I Scene 1: No. 6b
      1  Act I Scene 1: No. 5a
      1  Act II Scene 1: No. 14a
      1  Act I: Gualtier Malde … Caro nome"
      1  Act 1
      1 99955
      1 99882
      1 99815
      1 99706
      1 99600
      1 99529
      1 99
      1 98933
      1 98733
      1 98666
      1 98495
      1 98480
      1 98306
      1 98171
      1 98160
      1 98093
      1 97906
      1 97872
      1 97800
      1 97779
      1 97581
      1 97333
      1 96933
      1 96665
      1 96400
      1 96266
      1 96219
      1 96029
      1 96013
      1 95826
      1 95529
      1 95424
      1 95109
      1 95083
      1 95000
      1 94866
      1 947733
      1 94666
      1 94500
      1 94453
      1 94451
      1 94440
      1 94080
      1 93933
      1 93920
      1 93617
      1 932373
      1 93210
      1 93026
      1 92879
      1 92466
      1 92290
      1 92199
      1 92087
      1 91893
      1 91664
      1 91599
      1 91466
      1 91400
      1 91373
      1 91200
      1 91120
      1 91080
      1 91039
      1 90760
      1 90671
      1 90
      1 89777
      1 89760
      1 89479
      1 89466
      1 89429
      1 89346
      1 89200
      1 88973
      1 88960
      1 88881
      1 88490
      1 88160
      1 88015
      1 87771
      1 87693
      1 876750
      1 87640
      1 872760
      1 87164
      1 87133
      1 87000
      1 86880
      1 86773
      1 86706
      1 86142
      1 86053
      1 86040
      1 86000
      1 859345
      1 85730
      1 85722
      1 85651
      1 85400
      1 85350
      1 85000
      1 84989
      1 84986
      1 84720
      1 84533
      1 84458
      1 84317
      1 84226
      1 841146
      1 83800
      1 83736
      1 83517
      1 83491
      1 83397
      1 82813
      1 82697
      1 82693
      1 82453
      1 82378
      1 82266
      1 82222
      1 81813
      1 81800
      1 81786
      1 816746
      1 816733
      1 81546
      1 81512
      1 81381
      1 81346
      1 81040
      1 80851
      1 80840
      1 80823
      1 80747
      1 80699
      1 80533
      1 805026
      1 80164
      1 80066
      1 80034
      1 80000
      1 79876
      1 79545
      1 79466
      1 79440
      1 79393
      1 79306
      1 79296
      1 79154
      1 79007
      1 79000
      1 788000
      1 78333
      1 78000
      1 77960
      1 774391
      1 77133
      1 769826
      1 76640
      1 76613
      1 762626
      1 76040
      1 760138
      1 75910
      1 75546
      1 75387
      1 75146
      1 75120
      1 75028
      1 74992
      1 74866
      1 74840
      1 74833
      1 746093
      1 74411
      1 74098
      1 74000
      1 736000
      1 734666
      1 72986
      1 729826
      1 72880
      1 72651
      1 72640
      1 725253
      1 72186
      1 72173
      1 72109
      1 718757
      1 71733
      1 71680
      1 71563
      1 71520
      1 71440
      1 710400
      1 70920
      1 708066
      1 70803
      1 70285
      1 70146
      1 70
      1 69453
      1 69333
      1 691186
      1 69080
      1 68916
      1 68866
      1 68666
      1 683893
      1 67557
      1 67346
      1 67146
      1 67010
      1 66906
      1 666200
      1 666000
      1 66600
      1 665026
      1 664607
      1 66427
      1 661952
      1 658080
      1 65746
      1 656786
      1 65440
      1 649221
      1 648292
      1 647866
      1 647576
      1 647040
      1 642619
      1 642480
      1 642173
      1 641584
      1 64000
      1 636346
      1 63360
      1 63333
      1 63133
      1 630595
      1 62931
      1 627362
      1 62626
      1 624266
      1 62293
      1 62240
      1 62228
      1 62200
      1 620000
      1 61866
      1 61826
      1 61800
      1 61600
      1 61466
      1 61266
      1 60973
      1 60870
      1 602453
      1 602225
      1 599405
      1 59733
      1 597013
      1 59694
      1 596695
      1 596000
      1 595105
      1 593754
      1 59000
      1 583826
      1 58053
      1 580240
      1 57960
      1 579213
      1 578717
      1 578000
      1 577328
      1 576000
      1 57480
      1 569782
      1 56493
      1 56296
      1 562893
      1 562640
      1 562080
      1 561626
      1 561560
      1 56106
      1 560160
      1 560036
      1 55853
      1 557093
      1 55693
      1 55626
      1 551999
      1 54840
      1 548313
      1 547200
      1 546272
      1 54560
      1 54520
      1 54466
      1 544000
      1 54040
      1 540306
      1 537106
      1 53600
      1 535800
      1 535475
      1 53520
      1 53472
      1 534213
      1 530343
      1 528765
      1 528054
      1 52786
      1 526200
      1 52453
      1 52202
      1 521185
      1 520813
      1 520000
      1 519517
      1 51920
      1 518479
      1 517573
      1 51750
      1 515910
      1 51506
      1 51435
      1 51223
      1 51146
      1 511074
      1 50859
      1 508291
      1 50733
      1 507146
      1 504484
      1 503348
      1 503106
      1 502982
      1 500960
      1 5
      1 4) - Live"
      1 49869
      1 497600
      1 496506
      1 495880
      1 493373
      1 492893
      1 491334
      1 48835
      1 48750
      1 486381
      1 485653
      1 482066
      1 480813
      1 480786
      1 480414
      1 479786
      1 478533
      1 47674
      1 475121
      1 474773
      1 473960
      1 473142
      1 471320
      1 471213
      1 470666
      1 468662
      1 46813
      1 467669
      1 467603
      1 46741
      1 466310
      1 465664
      1 46500
      1 464253
      1 464200
      1 463693
      1 462684
      1 462239
      1 461854
      1 461680
      1 461380
      1 460040
      1 460026
      1 459240
      1 458520
      1 457612
      1 456533
      1 456086
      1 455045
      1 454400
      1 453946
      1 452070
      1 45139
      1 451000
      1 45000
      1 448773
      1 447426
      1 447000
      1 445080
      1 444000
      1 443773
      1 443602
      1 44359
      1 442107
      1 440893
      1 438493
      1 437746
      1 43693
      1 436721
      1 43666
      1 436253
      1 434507
      1 434209
      1 434200
      1 433862
      1 433801
      1 432133
      1 432106
      1 432000
      1 431759
      1 431077
      1 430654
      1 430625
      1 430108
      1 429893
      1 429000
      1 42840
      1 42826
      1 428200
      1 428190
      1 428120
      1 427800
      1 426680
      1 426640
      1 426573
      1 426253
      1 425379
      1 425187
      1 424623
      1 4246206
      1 424287
      1 423344
      1 423280
      1 423047
      1 423013
      1 422746
      1 422613
      1 422066
      1 421463
      1 421306
      1 421253
      1 421000
      1 420501
      1 420500
      1 419147
      1 418373
      1 41829
      1 417720
      1 417613
      1 416520
      1 416293
      1 415848
      1 414266
      1 414133
      1 41400
      1 413840
      1 413719
      1 413480
      1 413093
      1 413053
      1 412746
      1 412467
      1 412400
      1 412186
      1 412116
      1 412030
      1 411573
      1 411223
      1 410533
      1 409782
      1 409212
      1 409066
      1 408358
      1 408000
      1 407819
      1 40760
      1 406257
      1 406071
      1 405254
      1 404999
      1 404334
      1 404320
      1 403960
      1 403565
      1 403333
      1 403293
      1 40266
      1 401999
      1 4
      1 399999
      1 399567
      1 399464
      1 399151
      1 398749
      1 397700
      1 397613
      1 397200
      1 397013
      1 396946
      1 39682
      1 39666
      1 396573
      1 396500
      1 396303
      1 395626
      1 394840
      1 394385
      1 394292
      1 393992
      1 392425
      1 392400
      1 391296
      1 390920
      1 39053
      1 390000
      1 389840
      1 389800
      1 388844
      1 388000
      1 387892
      1 387803
      1 387720
      1 387049
      1 386899
      1 386453
      1 386200
      1 386120
      1 385000
      1 384986
      1 384738
      1 384149
      1 384000
      1 383426
      1 382050
      1 381639
      1 380373
      1 380160
      1 379973
      1 379663
      1 379354
      1 378920
      1 377400
      1 376640
      1 376529
      1 376320
      1 376141
      1 375405
      1 375200
      1 375112
      1 375002
      1 374092
      1 374066
      1 374053
      1 373953
      1 373923
      1 373800
      1 373666
      1 373665
      1 373515
      1 373053
      1 373000
      1 372840
      1 372715
      1 372546
      1 372504
      1 372239
      1 371978
      1 371963
      1 37160
      1 37132
      1 371080
      1 371013
      1 371000
      1 370773
      1 370750
      1 370386
      1 369750
      1 369000
      1 368933
      1 368800
      1 368600
      1 367727
      1 367666
      1 366560
      1 366321
      1 366171
      1 365906
      1 365840
      1 365133
      1 364981
      1 364800
      1 364560
      1 36453
      1 364333
      1 363600
      1 36330
      1 362135
      1 362066
      1 361640
      1 361160
      1 361000
      1 360815
      1 360662
      1 360490
      1 359626
      1 359314
      1 359199
      1 359003
      1 357120
      1 356733
      1 356573
      1 356379
      1 356341
      1 356186
      1 356160
      1 356133
      1 356000
      1 355986
      1 355938
      1 355808
      1 355600
      1 355586
      1 355542
      1 354626
      1 354385
      1 354000
      1 353626
      1 353320
      1 353013
      1 352658
      1 352280
      1 351653
      1 350824
      1 350720
      1 350714
      1 350458
      1 350273
      1 350068
      1 350000
      1 349890
      1 349200
      1 348891
      1 347826
      1 347746
      1 346157
      1 345909
      1 345800
      1 345605
      1 345600
      1 345365
      1 345294
      1 345170
      1 345000
      1 344963
      1 344880
      1 344838
      1 34456
      1 344226
      1 344200
      1 343933
      1 343920
      1 343863
      1 343800
      1 343476
      1 343306
      1 342986
      1 342752
      1 342082
      1 342050
      1 341933
      1 341800
      1 341765
      1 341208
      1 341081
      1 341053
      1 340800
      1 340678
      1 340506
      1 340400
      1 340253
      1 339881
      1 339800
      1 339378
      1 339082
      1 339000
      1 338493
      1 33826
      1 338240
      1 33800
      1 337545
      1 337500
      1 337405
      1 336893
      1 336373
      1 336093
      1 335706
      1 335524
      1 335182
      1 334466
      1 334357
      1 334025
      1 333976
      1 333680
      1 333400
      1 333133
      1 332865
      1 332373
      1 332090
      1 332068
      1 331826
      1 331773
      1 331613
      1 331395
      1 331200
      1 331090
      1 330413
      1 330327
      1 330200
      1 329733
      1 329680
      1 328866
      1 328626
      1 328000
      1 327586
      1 327480
      1 327443
      1 326652
      1 326626
      1 326546
      1 326008
      1 325760
      1 325626
      1 325493
      1 325213
      1 325198
      1 324893
      1 324845
      1 324776
      1 324699
      1 324693
      1 324306
      1 323754
      1 323493
      1 323306
      1 323120
      1 322933
      1 322760
      1 322561
      1 322120
      1 321840
      1 321746
      1 321440
      1 321386
      1 321200
      1 320960
      1 320922
      1 320840
      1 320465
      1 320373
      1 320173
      1 31990
      1 319829
      1 319573
      1 319453
      1 319346
      1 319213
      1 318826
      1 318746
      1 318720
      1 318666
      1 318506
      1 318407
      1 318306
      1 318160
      1 317727
      1 317642
      1 317563
      1 317546
      1 317543
      1 317419
      1 316468
      1 316128
      1 316093
      1 315906
      1 315573
      1 315223
      1 315106
      1 314906
      1 314500
      1 314340
      1 314000
      1 313906
      1 313893
      1 313730
      1 313565
      1 313548
      1 313173
      1 312966
      1 312904
      1 312866
      1 312666
      1 312401
      1 312360
      1 311913
      1 311625
      1 311453
      1 311400
      1 310933
      1 310866
      1 310746
      1 310404
      1 310333
      1 310293
      1 309813
      1 309733
      1 309629
      1 309359
      1 309320
      1 309315
      1 309160
      1 309063
      1 308923
      1 308852
      1 308331
      1 308266
      1 307800
      1 307760
      1 307625
      1 307493
      1 307333
      1 306800
      1 306786
      1 306480
      1 306285
      1 306092
      1 306066
      1 306040
      1 306000
      1 305776
      1 305693
      1 305454
      1 30520
      1 305000
      1 304906
      1 304790
      1 304413
      1 304293
      1 303589
      1 303502
      1 303454
      1 303360
      1 303213
      1 303158
      1 303133
      1 303075
      1 302893
      1 302817
      1 302613
      1 302560
      1 302320
      1 302210
      1 301693
      1 301426
      1 301422
      1 301400
      1 301346
      1 301092
      1 300880
      1 300613
      1 300466
      1 300427
      1 300342
      1 300197
      1 300026
      1 2 Horns
      1 299947
      1 299373
      1 299346
      1 299200
      1 299154
      1 298920
      1 298373
      1 298325
      1 298133
      1 297651
      1 297146
      1 296862
      1 296760
      1 296733
      1 296727
      1 296202
      1 296080
      1 296014
      1 296000
      1 295636
      1 294960
      1 294736
      1 294386
      1 294226
      1 294112
      1 294086
      1 293926
      1 293919
      1 293893
      1 293866
      1 293600
      1 293533
      1 293302
      1 293248
      1 293169
      1 293066
      1 292950
      1 292566
      1 292253
      1 292226
      1 292000
      1 291746
      1 291448
      1 291362
      1 291106
      1 290960
      1 290906
      1 290728
      1 290720
      1 290693
      1 290573
      1 290466
      1 290315
      1 290264
      1 290165
      1 290145
      1 290090
      1 290037
      1 290000
      1 289709
      1 289250
      1 289226
      1 289213
      1 289160
      1 289149
      1 289133
      1 289090
      1 289041
      1 289000
      1 288906
      1 288738
      1 288509
      1 288483
      1 288386
      1 288360
      1 288345
      1 288320
      1 288000
      1 287994
      1 287712
      1 287681
      1 287586
      1 287440
      1 287240
      1 287151
      1 287031
      1 286936
      1 286912
      1 286899
      1 286893
      1 286829
      1 286717
      1 286630
      1 286466
      1 286406
      1 286344
      1 286197
      1 286017
      1 285779
      1 285601
      1 285226
      1 285127
      1 284853
      1 284533
      1 284383
      1 284378
      1 284333
      1 284238
      1 284160
      1 283949
      1 283933
      1 283926
      1 283919
      1 283866
      1 283840
      1 283786
      1 283706
      1 283693
      1 283441
      1 283062
      1 282840
      1 282520
      1 282454
      1 282070
      1 281773
      1 281737
      1 281693
      1 281613
      1 281600
      1 281598
      1 281562
      1 281293
      1 281080
      1 281066
      1 280906
      1 280866
      1 280853
      1 280652
      1 280611
      1 280520
      1 280466
      1 280320
      1 280000
      1 279893
      1 279860
      1 279720
      1 2796984
      1 279685
      1 279548
      1 279312
      1 279293
      1 279260
      1 279026
      1 279000
      1 278998
      1 278851
      1 278800
      1 278760
      1 278720
      1 278706
      1 278640
      1 278639
      1 278470
      1 278466
      1 278213
      1 278066
      1 278040
      1 277885
      1 277560
      1 277520
      1 277346
      1 277072
      1 277000
      1 276893
      1 276575
      1 276546
      1 276440
      1 276320
      1 276240
      1 276200
      1 276146
      1 275878
      1 275546
      1 275541
      1 275513
      1 275493
      1 275466
      1 275407
      1 275293
      1 275210
      1 275000
      1 274960
      1 274873
      1 274829
      1 274814
      1 274693
      1 274625
      1 274333
      1 274253
      1 274133
      1 274080
      1 274000
      1 273880
      1 273777
      1 273773
      1 273712
      1 273666
      1 273600
      1 273488
      1 273480
      1 273353
      1 273260
      1 273186
      1 273120
      1 273113
      1 273014
      1 272920
      1 272773
      1 272770
      1 272733
      1 272700
      1 272626
      1 272536
      1 272431
      1 272413
      1 272365
      1 272000
      1 271853
      1 271800
      1 271751
      1 271680
      1 271542
      1 271219
      1 271173
      1 271047
      1 270933
      1 270813
      1 270706
      1 269996
      1 269871
      1 269800
      1 269786
      1 269693
      1 269655
      1 269573
      1 269533
      1 269506
      1 269466
      1 269271
      1 269213
      1 268973
      1 268920
      1 268800
      1 268631
      1 268626
      1 267986
      1 267847
      1 267765
      1 267560
      1 267533
      1 267493
      1 267420
      1 267253
      1 267193
      1 266800
      1 266773
      1 266721
      1 266666
      1 266506
      1 266493
      1 266213
      1 266200
      1 266133
      1 265866
      1 265853
      1 265813
      1 265746
      1 265613
      1 265560
      1 265454
      1 265233
      1 265195
      1 265180
      1 265053
      1 265000
      1 264906
      1 264826
      1 264533
      1 264520
      1 264493
      1 264333
      1 264280
      1 264240
      1 264097
      1 263918
      1 263710
      1 263613
      1 263520
      1 263294
      1 263280
      1 263146
      1 263045
      1 263000
      1 262929
      1 262893
      1 262800
      1 262760
      1 262750
      1 262733
      1 262693
      1 262663
      1 262505
      1 262275
      1 262213
      1 262112
      1 262079
      1 262000
      1 261983
      1 261781
      1 261778
      1 261720
      1 261635
      1 261552
      1 261550
      1 261306
      1 261200
      1 261106
      1 260920
      1 260898
      1 260853
      1 260813
      1 260519
      1 260470
      1 260433
      1 260333
      1 260265
      1 260226
      1 260093
      1 259970
      1 259964
      1 259826
      1 259815
      1 259800
      1 259604
      1 259480
      1 258771
      1 258760
      1 258600
      1 258481
      1 258453
      1 258265
      1 258250
      1 258000
      1 257906
      1 257866
      1 257665
      1 257506
      1 257410
      1 257390
      1 257133
      1 257040
      1 256733
      1 256708
      1 256693
      1 256679
      1 256640
      1 256306
      1 256146
      1 256133
      1 256079
      1 255999
      1 255866
      1 255812
      1 255721
      1 255626
      1 255413
      1 255400
      1 255142
      1 255117
      1 255093
      1 254641
      1 254626
      1 254413
      1 254400
      1 254320
      1 254271
      1 254000
      1 253847
      1 253654
      1 253400
      1 253371
      1 253106
      1 252995
      1 252866
      1 252682
      1 252573
      1 252524
      1 252413
      1 252306
      1 252160
      1 252004
      1 252000
      1 251946
      1 251920
      1 251906
      1 251840
      1 251693
      1 251560
      1 251533
      1 251440
      1 251428
      1 251360
      1 251280
      1 251250
      1 251133
      1 250946
      1 250880
      1 250843
      1 250800
      1 250600
      1 250538
      1 250520
      1 250367
      1 250322
      1 250280
      1 250226
      1 250220
      1 250120
      1 250063
      1 249906
      1 249853
      1 249773
      1 249746
      1 249720
      1 249702
      1 249632
      1 249600
      1 249520
      1 249495
      1 249186
      1 249080
      1 249074
      1 249053
      1 248973
      1 248879
      1 248858
      1 248850
      1 248738
      1 248576
      1 248453
      1 248400
      1 248266
      1 248250
      1 248106
      1 248000
      1 247933
      1 247786
      1 247693
      1 247669
      1 247640
      1 247620
      1 247481
      1 247388
      1 247373
      1 247306
      1 247079
      1 247065
      1 247040
      1 247026
      1 246979
      1 246946
      1 246878
      1 246800
      1 246706
      1 246653
      1 246613
      1 246600
      1 246573
      1 246568
      1 246549
      1 246401
      1 246325
      1 246280
      1 246209
      1 246186
      1 246146
      1 245954
      1 245951
      1 245600
      1 245579
      1 245541
      1 245454
      1 245226
      1 245173
      1 245066
      1 245039
      1 245016
      1 245013
      1 244966
      1 244920
      1 244906
      1 244863
      1 244824
      1 244773
      1 244709
      1 244639
      1 244589
      1 244578
      1 244413
      1 244329
      1 244239
      1 244200
      1 244188
      1 244173
      1 244133
      1 244114
      1 244026
      1 244000
      1 243901
      1 243880
      1 243773
      1 243501
      1 243400
      1 243333
      1 243320
      1 243043
      1 243007
      1 242973
      1 242694
      1 24266
      1 242626
      1 242564
      1 242440
      1 242392
      1 242360
      1 242342
      1 242213
      1 241990
      1 241920
      1 241880
      1 241670
      1 241386
      1 241346
      1 241200
      1 241110
      1 241000
      1 240927
      1 240863
      1 240680
      1 240653
      1 240586
      1 240387
      1 240291
      1 240186
      1 240173
      1 240066
      1 240039
      1 240001
      1 239946
      1 239882
      1 239863
      1 239806
      1 239804
      1 239802
      1 239760
      1 239746
      1 239693
      1 239573
      1 239520
      1 239517
      1 239439
      1 239373
      1 239306
      1 239200
      1 239173
      1 239053
      1 238960
      1 238915
      1 238704
      1 238680
      1 238534
      1 238520
      1 238333
      1 238323
      1 238304
      1 238293
      1 238232
      1 238160
      1 238146
      1 238040
      1 238026
      1 238000
      1 237920
      1 237893
      1 237813
      1 237766
      1 237733
      1 237520
      1 237466
      1 237373
      1 237240
      1 237160
      1 237106
      1 236733
      1 236708
      1 236634
      1 236626
      1 236520
      1 236396
      1 236103
      1 236066
      1 235930
      1 235813
      1 235787
      1 235781
      1 235666
      1 235599
      1 235573
      1 235533
      1 235400
      1 235386
      1 235300
      1 235253
      1 235080
      1 235053
      1 235000
      1 234986
      1 234720
      1 234706
      1 234653
      1 234613
      1 234493
      1 234466
      1 234280
      1 234162
      1 233866
      1 233666
      1 233454
      1 233430
      1 233204
      1 233156
      1 233133
      1 232941
      1 232733
      1 232657
      1 232653
      1 232613
      1 232493
      1 232333
      1 232280
      1 232278
      1 232160
      1 232120
      1 232066
      1 232020
      1 232013
      1 232000
      1 231853
      1 231818
      1 231810
      1 231786
      1 231773
      1 231666
      1 231627
      1 231626
      1 231618
      1 231546
      1 231466
      1 231333
      1 231205
      1 231173
      1 231146
      1 231026
      1 230868
      1 230826
      1 230626
      1 230604
      1 230546
      1 230480
      1 230280
      1 230272
      1 230204
      1 230034
      1 229840
      1 229678
      1 229624
      1 229546
      1 229533
      1 229324
      1 229250
      1 229199
      1 229173
      1 229133
      1 229093
      1 228973
      1 228960
      1 228746
      1 228653
      1 228645
      1 228533
      1 228500
      1 228373
      1 228240
      1 228213
      1 228169
      1 228160
      1 228117
      1 228040
      1 227994
      1 227786
      1 227583
      1 227506
      1 227502
      1 227500
      1 227413
      1 227402
      1 227400
      1 227395
      1 227280
      1 227189
      1 227133
      1 227053
      1 227033
      1 227000
      1 226999
      1 226986
      1 226979
      1 226857
      1 226853
      1 226826
      1 226748
      1 226733
      1 226680
      1 226664
      1 226653
      1 226626
      1 226612
      1 226600
      1 226560
      1 226441
      1 226400
      1 226333
      1 226320
      1 226280
      1 226246
      1 226240
      1 226224
      1 226040
      1 225933
      1 225840
      1 225828
      1 225826
      1 225746
      1 225725
      1 225693
      1 225691
      1 225645
      1 225600
      1 225586
      1 225493
      1 225348
      1 225346
      1 225333
      1 225325
      1 225320
      1 225306
      1 225213
      1 225167
      1 225165
      1 225160
      1 225040
      1 225013
      1 224998
      1 224880
      1 224830
      1 224826
      1 224718
      1 224693
      1 224600
      1 224549
      1 224493
      1 224391
      1 224320
      1 224266
      1 224215
      1 224186
      1 224053
      1 224013
      1 223893
      1 223880
      1 223746
      1 223653
      1 223531
      1 223530
      1 223413
      1 223346
      1 223329
      1 223291
      1 223266
      1 223040
      1 222985
      1 222946
      1 222933
      1 222880
      1 222870
      1 222826
      1 222760
      1 22266
      1 222640
      1 222266
      1 222243
      1 222171
      1 222146
      1 222052
      1 221893
      1 221866
      1 221853
      1 221749
      1 221746
      1 221706
      1 221680
      1 221665
      1 221543
      1 221538
      1 221466
      1 221406
      1 221374
      1 221360
      1 221320
      1 221306
      1 221297
      1 221026
      1 220919
      1 220800
      1 220720
      1 220546
      1 220538
      1 220500
      1 220386
      1 220240
      1 219960
      1 219826
      1 219773
      1 219772
      1 219760
      1 219719
      1 219666
      1 219650
      1 219613
      1 219506
      1 219493
      1 219360
      1 219240
      1 219226
      1 219146
      1 219066
      1 219040
      1 218897
      1 218840
      1 218654
      1 218652
      1 218579
      1 218560
      1 218511
      1 218472
      1 218466
      1 218400
      1 218373
      1 218364
      1 218346
      1 218320
      1 218181
      1 218174
      1 218160
      1 218120
      1 218106
      1 218087
      1 218040
      1 218010
      1 217991
      1 217913
      1 217893
      1 217887
      1 217866
      1 217853
      1 217847
      1 217840
      1 217826
      1 217720
      1 217715
      1 217690
      1 217573
      1 217510
      1 217413
      1 216991
      1 216826
      1 216800
      1 216699
      1 216685
      1 216626
      1 216612
      1 216586
      1 216585
      1 216573
      1 216560
      1 216346
      1 216314
      1 216269
      1 216253
      1 216133
      1 216093
      1 216040
      1 215862
      1 215850
      1 215689
      1 215633
      1 215454
      1 215440
      1 215333
      1 215272
      1 215172
      1 215142
      1 215093
      1 215067
      1 215066
      1 215053
      1 215026
      1 215000
      1 214880
      1 214851
      1 214760
      1 214680
      1 214533
      1 214510
      1 214466
      1 214426
      1 214293
      1 214280
      1 214200
      1 214087
      1 214080
      1 214000
      1 213933
      1 213916
      1 213900
      1 213840
      1 213746
      1 213652
      1 213640
      1 213578
      1 213520
      1 213413
      1 213354
      1 213306
      1 213013
      1 212800
      1 212693
      1 212626
      1 212571
      1 212558
      1 212480
      1 212200
      1 212186
      1 212142
      1 212133
      1 212120
      1 212066
      1 212040
      1 212031
      1 212015
      1 211999
      1 211869
      1 211836
      1 211800
      1 211787
      1 211786
      1 211720
      1 211573
      1 211539
      1 211453
      1 211440
      1 211360
      1 211213
      1 211169
      1 211093
      1 211077
      1 211050
      1 211013
      1 210975
      1 210946
      1 210922
      1 210906
      1 210813
      1 210800
      1 210727
      1 210651
      1 210586
      1 210546
      1 210442
      1 210430
      1 210426
      1 210400
      1 210346
      1 210345
      1 210186
      1 210162
      1 210081
      1 209968
      1 209933
      1 209706
      1 209666
      1 209606
      1 209584
      1 209583
      1 209480
      1 209456
      1 209336
      1 209213
      1 209186
      1 209160
      1 209108
      1 208983
      1 208901
      1 208897
      1 208882
      1 208793
      1 208747
      1 208680
      1 208613
      1 208426
      1 208386
      1 208339
      1 208274
      1 208186
      1 208106
      1 208041
      1 207866
      1 207724
      1 207666
      1 207586
      1 207493
      1 207480
      1 207428
      1 207346
      1 207340
      1 207280
      1 207266
      1 207186
      1 207160
      1 207093
      1 206866
      1 206840
      1 206693
      1 206666
      1 206533
      1 206480
      1 206397
      1 206394
      1 206266
      1 206226
      1 206160
      1 206142
      1 206086
      1 206066
      1 206040
      1 205965
      1 205944
      1 205813
      1 205800
      1 205791
      1 205773
      1 205687
      1 205600
      1 205493
      1 205360
      1 205333
      1 205320
      1 205091
      1 204899
      1 204826
      1 204750
      1 204640
      1 204600
      1 204538
      1 204533
      1 204506
      1 204480
      1 204466
      1 204453
      1 204440
      1 204427
      1 204413
      1 204360
      1 204177
      1 204120
      1 204053
      1 204007
      1 204003
      1 203917
      1 203813
      1 203773
      1 203687
      1 203624
      1 203586
      1 203576
      1 203493
      1 203478
      1 203412
      1 203306
      1 203294
      1 203293
      1 203279
      1 203276
      1 203160
      1 202933
      1 202806
      1 202767
      1 202699
      1 202546
      1 202500
      1 202493
      1 202483
      1 202448
      1 202421
      1 202413
      1 202266
      1 202226
      1 202167
      1 202133
      1 202124
      1 202092
      1 202000
      1 201986
      1 201975
      1 201893
      1 201853
      1 201851
      1 201840
      1 201782
      1 201742
      1 201658
      1 201642
      1 201626
      1 201560
      1 201549
      1 201474
      1 201453
      1 201426
      1 201360
      1 201280
      1  2011"
      1 201038
      1 200952
      1 200853
      1 200826
      1 200748
      1 200706
      1 200653
      1 200594
      1 200547
      1 200520
      1 200386
      1 200228
      1 200160
      1  2001"
      1 200098
      1 200040
      1 200013
      1 200008
      1 199973
      1 199853
      1 199668
      1 199640
      1 199613
      1 199573
      1 199564
      1 199506
      1 199453
      1 199320
      1 199314
      1 199313
      1 199280
      1 199266
      1 199263
      1 199240
      1 199105
      1 199080
      1 199000
      1  1990"
      1 198998
      1 198973
      1 198906
      1 198881
      1 198853
      1 198825
      1 198769
      1 198750
      1 198692
      1 198653
      1 198640
      1 198461
      1 198452
      1 198280
      1 198218
      1 198200
      1 198138
      1 198123
      1 198067
      1 198066
      1 198058
      1 198040
      1  1980"
      1 197972
      1 197804
      1 197786
      1 197783
      1 197760
      1 197680
      1 197666
      1 197649
      1 197647
      1 197597
      1 197573
      1 197546
      1 197400
      1 197320
      1 197317
      1 197200
      1 197170
      1 197133
      1 197000
      1 196948
      1 196933
      1 196907
      1 1969
      1 196806
      1 196800
      1 196728
      1 196704
      1 196570
      1 196549
      1 196520
      1 196491
      1 196440
      1 196405
      1 196400
      1 196284
      1 196274
      1 196200
      1 196173
      1 196160
      1 195906
      1 195870
      1 195857
      1 195853
      1 195708
      1 195680
      1 195666
      1 195600
      1 195564
      1 195558
      1 195506
      1 195493
      1 195480
      1 195428
      1 195426
      1 195342
      1 195134
      1 195120
      1 195118
      1 195090
      1 195026
      1 195000
      1 194893
      1 194883
      1 194880
      1 194800
      1 194773
      1 194586
      1 194546
      1 194478
      1 194440
      1 194429
      1 194426
      1 194400
      1 194373
      1 194220
      1 194119
      1 194087
      1 194000
      1 193957
      1 193863
      1 193846
      1 193840
      1 193714
      1 193689
      1 193626
      1 193619
      1 193586
      1 193584
      1 193426
      1 193386
      1 193205
      1 193170
      1 193169
      1 193157
      1 193143
      1 193000
      1 192949
      1 192944
      1 192904
      1 192880
      1 192877
      1 192866
      1 192826
      1 192733
      1 192666
      1 192586
      1 192571
      1 192466
      1 192444
      1 192441
      1 192329
      1 192280
      1 192200
      1 192134
      1 191880
      1 191760
      1 191739
      1 191728
      1 191687
      1 191594
      1 191466
      1 191440
      1 191351
      1 191308
      1 191160
      1 191093
      1 191053
      1 191040
      1 191020
      1 191017
      1 191007
      1 190953
      1 190911
      1 190831
      1 190821
      1 190813
      1 190800
      1 190789
      1 190773
      1 190672
      1 190666
      1 190515
      1 190424
      1 190400
      1 190354
      1 190089
      1 190080
      1 190026
      1 189939
      1 189906
      1 189800
      1 189789
      1 189717
      1 189440
      1 189192
      1 189160
      1 189133
      1 189072
      1 189055
      1 189040
      1 189000
      1 188967
      1 188800
      1 188772
      1 188766
      1 188571
      1 188560
      1 188525
      1 188520
      1 188473
      1 188370
      1 188293
      1 188253
      1 188173
      1 188154
      1 188133
      1 188093
      1 188065
      1 187898
      1 187789
      1 187750
      1 187720
      1 187653
      1 187613
      1 187611
      1 187604
      1 187595
      1 187560
      1 187541
      1 187500
      1 187295
      1 187271
      1 187269
      1 187213
      1 187193
      1 187157
      1 187128
      1 187106
      1 187000
      1 186804
      1 186786
      1 186693
      1 186656
      1 186631
      1 186618
      1 186600
      1 186567
      1 186480
      1 186426
      1 186409
      1 186386
      1 186311
      1 186293
      1 186257
      1 186246
      1 186189
      1 186106
      1 186080
      1 185965
      1 185952
      1 185879
      1 185866
      1 185853
      1 185826
      1 185756
      1 185506
      1 185496
      1 185466
      1 185415
      1 185413
      1 185396
      1 185365
      1 185306
      1 185293
      1 185226
      1 185142
      1 185131
      1 185013
      1 185000
      1 184893
      1 184826
      1 184800
      1 184760
      1 184736
      1 184706
      1 184680
      1 184617
      1 184616
      1 184615
      1 184573
      1 184346
      1 184333
      1 184320
      1 184280
      1 184217
      1 184213
      1 184095
      1 184081
      1 184026
      1 184013
      1 184000
      1 183942
      1 183917
      1 183791
      1 183745
      1 183651
      1 183625
      1 183606
      1 183480
      1 183413
      1 183253
      1 183232
      1 183226
      1 183192
      1 183144
      1 183134
      1 183066
      1 182995
      1 182933
      1 182910
      1 182903
      1 182893
      1 182884
      1 182787
      1 182746
      1 182666
      1 182520
      1 182459
      1 182442
      1 182386
      1 182360
      1 182316
      1 182270
      1 182266
      1 182240
      1 182135
      1 182093
      1 182040
      1 182037
      1 181973
      1 181948
      1 181919
      1 181864
      1 181844
      1 181669
      1 181653
      1 181520
      1 181507
      1 181506
      1 181173
      1 181169
      1 181043
      1 180952
      1 180880
      1 180742
      1 180713
      1 180712
      1 180706
      1 180666
      1 180613
      1 180600
      1 180573
      1 180560
      1 180389
      1 180333
      1 180320
      1 180213
      1 180191
      1 180106
      1 180093
      1 180000
      1 179946
      1 179920
      1 179893
      1 179869
      1 179772
      1 179705
      1 179663
      1 179640
      1 179528
      1 179514
      1 179486
      1 179435
      1 179306
      1 179280
      1 179267
      1 179080
      1 179040
      1 179027
      1 179000
      1 178986
      1 178976
      1 178862
      1 178840
      1 178826
      1 178760
      1 178746
      1 178651
      1 178573
      1 178533
      1 178493
      1 178386
      1 178385
      1 178303
      1 178285
      1 178280
      1 178266
      1 178229
      1 178226
      1 178066
      1 178013
      1 178000
      1 177946
      1 177880
      1 177866
      1 177764
      1 177690
      1 177680
      1 177644
      1 177600
      1 177534
      1 177500
      1 177477
      1 177266
      1 177120
      1 176920
      1 176899
      1 176893
      1 176800
      1 176766
      1 176699
      1 176665
      1 176573
      1 176567
      1 176400
      1 176360
      1 176240
      1 176200
      1 176153
      1 175977
      1 175800
      1 175789
      1 175786
      1 175746
      1 175677
      1 175599
      1 175595
      1 175440
      1 175360
      1 175333
      1 175320
      1 175231
      1 175200
      1 175182
      1 175133
      1 175093
      1 174906
      1 174893
      1 174866
      1 174826
      1 174800
      1 174760
      1 174720
      1 174666
      1 174576
      1 17453
      1 174507
      1 174440
      1 174419
      1 174293
      1 174245
      1 174198
      1 174174
      1 174106
      1 174052
      1 174002
      1 173814
      1 173800
      1 173760
      1 173733
      1 173720
      1 173680
      1 173666
      1 173506
      1 173479
      1 173386
      1 173252
      1 173190
      1 173189
      1 173050
      1 173047
      1 173035
      1 173000
      1 172963
      1 172960
      1 172947
      1 172921
      1 172824
      1 172752
      1 172710
      1 172486
      1 172342
      1 172306
      1 172277
      1 172250
      1 172218
      1 172173
      1 172085
      1 172066
      1 172000
      1 171973
      1 171960
      1 171940
      1 171760
      1 171630
      1 171480
      1 171428
      1 171426
      1 171409
      1 171360
      1 171284
      1 171237
      1 171173
      1 171132
      1 171119
      1 171040
      1 171039
      1 171000
      1 170945
      1 170833
      1 170814
      1 170770
      1 170720
      1 170562
      1 170471
      1 170306
      1 170280
      1 170253
      1 170240
      1 170135
      1 170110
      1 170039
      1 170028
      1 169960
      1 169933
      1 169727
      1 169706
      1 169691
      1 169666
      1 169450
      1 169448
      1 169426
      1 169388
      1 169302
      1 169280
      1 169266
      1 169133
      1 169032
      1 169014
      1 168999
      1 168920
      1 168907
      1 168839
      1 168786
      1 168751
      1 168631
      1 168600
      1 168463
      1 168451
      1 168428
      1 168352
      1 168266
      1 168176
      1 168000
      1 167903
      1 167813
      1 167797
      1 167773
      1 167750
      1 167733
      1 167680
      1 167623
      1 167578
      1 167555
      1 167544
      1 167493
      1 167453
      1 167266
      1 167186
      1 167133
      1 167106
      1 167000
      1 166953
      1 166880
      1 166859
      1 166853
      1 166774
      1 166666
      1 166661
      1 166640
      1 166605
      1 166573
      1 166400
      1 166363
      1 166339
      1 166234
      1 166173
      1 166153
      1 166135
      1 166054
      1 166021
      1 166011
      1 166000
      1 165982
      1 165840
      1 165813
      1 165800
      1 165799
      1 165789
      1 165756
      1 165613
      1 165537
      1 165428
      1 165310
      1 165268
      1 165250
      1 165240
      1 165133
      1 165080
      1 165040
      1 164973
      1 164875
      1 164837
      1 164797
      1 164773
      1 164768
      1 164745
      1 164573
      1 164520
      1 164400
      1 164333
      1 164306
      1 164226
      1 164163
      1 164129
      1 163800
      1 163780
      1 163698
      1 163693
      1 163608
      1 163596
      1 163538
      1 163462
      1 163410
      1 163402
      1 163373
      1 163333
      1 163240
      1 163235
      1 162967
      1 162960
      1 162847
      1 162739
      1 162600
      1 162539
      1 162533
      1 162433
      1 162368
      1 162352
      1 162333
      1 162214
      1 162206
      1 162160
      1 162139
      1 162066
      1 161948
      1 161892
      1 161872
      1 161866
      1 161826
      1 161741
      1 161732
      1 161706
      1 161565
      1 161560
      1 161535
      1 161461
      1 161458
      1 161400
      1 161360
      1 161284
      1 161212
      1 160948
      1 160941
      1 160920
      1 160745
      1 160653
      1 160625
      1 160560
      1 160551
      1 160496
      1 160360
      1 160280
      1 160266
      1 160256
      1 160224
      1 160173
      1 160079
      1 159986
      1 159941
      1 159900
      1 159877
      1 159866
      1 159823
      1 159811
      1 159807
      1 159781
      1 159759
      1 159711
      1 159706
      1 159693
      1 159691
      1 159660
      1 159600
      1 159506
      1 159493
      1 159428
      1 159425
      1 159303
      1 159240
      1 159125
      1 159107
      1 159006
      1 158827
      1 158482
      1 158371
      1 158368
      1 158306
      1 158253
      1 158093
      1 158092
      1 158013
      1 157973
      1 157963
      1 157937
      1 157839
      1 157801
      1 157773
      1 157727
      1 157560
      1 157373
      1 157346
      1 157120
      1 156990
      1 156960
      1 156922
      1 156630
      1 156573
      1 156560
      1 156545
      1 156533
      1 156455
      1 156363
      1 156346
      1 156279
      1 156133
      1 156013
      1 156011
      1 155991
      1 155944
      1 155939
      1 155880
      1 155746
      1 155662
      1 155644
      1 155581
      1 155533
      1 155506
      1 155466
      1 155373
      1 155360
      1 155324
      1 155253
      1 155168
      1 155162
      1 155135
      1 155093
      1 155013
      1 155011
      1 154814
      1 154778
      1 154775
      1 154773
      1 154746
      1 154666
      1 154600
      1 154573
      1 154569
      1 154519
      1 154506
      1 154494
      1 154412
      1 154400
      1 154372
      1 154362
      1 154357
      1 154320
      1 154293
      1 154280
      1 154266
      1 154240
      1 154143
      1 154120
      1 154104
      1 154087
      1 154000
      1 153986
      1 153920
      1 153906
      1 153887
      1 153884
      1 153570
      1 153561
      1 153533
      1 153493
      1 153480
      1 153440
      1 153414
      1 153333
      1 153240
      1 153213
      1 153141
      1 153106
      1 153013
      1 152946
      1 152906
      1 152773
      1 152693
      1 152692
      1 152500
      1 152351
      1 152322
      1 152291
      1 152216
      1 152215
      1 152200
      1 152169
      1 152066
      1 151893
      1 151886
      1 151856
      1 151693
      1 151645
      1 151573
      1 151565
      1 151534
      1 151515
      1 151506
      1 151354
      1 151280
      1 151200
      1 151170
      1 151086
      1 151048
      1 150967
      1 150893
      1 150826
      1 150764
      1 150760
      1 150756
      1 150706
      1 150560
      1 150500
      1 150466
      1 150322
      1 150033
      1 149983
      1 149964
      1 149880
      1 149843
      1 149840
      1 149613
      1 149532
      1 149472
      1 149466
      1 149307
      1 149274
      1 149214
      1 149120
      1 149106
      1 149053
      1 148973
      1 148965
      1 148959
      1 148813
      1 148800
      1 148779
      1 148480
      1 148449
      1 148398
      1 148374
      1 148240
      1 148133
      1 148118
      1 148081
      1 148003
      1 147780
      1 147727
      1 147505
      1 147440
      1 147413
      1 147394
      1 147360
      1 147320
      1 147147
      1 147119
      1 147112
      1 146999
      1 146986
      1 146842
      1 146823
      1 146750
      1 146712
      1 146706
      1 146567
      1 146307
      1 146160
      1 145945
      1 145867
      1 145760
      1 145724
      1 145666
      1 145653
      1 1455781
      1 145536
      1 145527
      1 145466
      1 145454
      1 145440
      1 145399
      1 145371
      1 145360
      1 145281
      1 145266
      1 145106
      1 145000
      1 144844
      1 144750
      1 144724
      1 144612
      1 144565
      1 144540
      1 144494
      1 144480
      1 144374
      1 144356
      1 144320
      1 144259
      1 144240
      1 144200
      1 144138
      1 144133
      1 144106
      1 144091
      1 144082
      1 143933
      1 143875
      1 143846
      1 143813
      1 143760
      1 143444
      1 143421
      1 143403
      1 143200
      1 143031
      1 142946
      1 142900
      1 142773
      1 142693
      1 142640
      1 142586
      1 142521
      1 142509
      1 142349
      1 142305
      1 142301
      1 142253
      1 142199
      1 142173
      1 142052
      1 142000
      1 141986
      1 141841
      1 141840
      1 141733
      1 141623
      1 141571
      1 141554
      1 141545
      1 141517
      1 141506
      1 141426
      1 141306
      1 141270
      1 141176
      1 141133
      1 141064
      1 140874
      1 140750
      1 140695
      1 140672
      1 140607
      1 140538
      1 140266
      1 140231
      1 139960
      1 139786
      1 139773
      1 139760
      1 139693
      1 139626
      1 139625
      1 139600
      1 139425
      1 139408
      1 139371
      1 139354
      1 139319
      1 139306
      1 139293
      1 139285
      1 139210
      1 138946
      1 138840
      1 138693
      1 138620
      1 138553
      1 138370
      1 138333
      1 138306
      1 138201
      1 138045
      1 138000
      1 137906
      1 137813
      1 137732
      1 137708
      1 137656
      1 137511
      1 137500
      1 137466
      1 137428
      1 137403
      1 137368
      1 137360
      1 137124
      1 137106
      1 137066
      1 136969
      1 136960
      1 136786
      1 136666
      1 136544
      1 136531
      1 136438
      1 136410
      1 136385
      1 136333
      1 136294
      1 136266
      1 136173
      1 136132
      1 136080
      1 136040
      1 136033
      1 136021
      1 136002
      1 135999
      1 135757
      1 135401
      1 135322
      1 135240
      1 135142
      1 135053
      1 135001
      1 134959
      1 134944
      1 134805
      1 134800
      1 134745
      1 134706
      1 134669
      1 134545
      1 134541
      1 134506
      1 134504
      1 134414
      1 134373
      1 134285
      1 134030
      1 133972
      1 133945
      1 133942
      1 133891
      1 133786
      1 133746
      1 133706
      1 133360
      1 133255
      1 133066
      1 132852
      1 132529
      1 132257
      1 132203
      1 132149
      1 132117
      1 131933
      1 131897
      1 131874
      1 131780
      1 131736
      1 131734
      1 131680
      1 131666
      1 131640
      1 131500
      1 131457
      1 131440
      1 131395
      1 131373
      1 131269
      1 131080
      1 131000
      1 130998
      1 130909
      1 130907
      1 130906
      1 130872
      1 130813
      1 130737
      1 130634
      1 130600
      1 130574
      1 130573
      1 130520
      1 130496
      1 130487
      1 130306
      1 130173
      1 129931
      1 129878
      1 129868
      1 129761
      1 129760
      1 129755
      1 129626
      1 129466
      1 129416
      1 129412
      1 129134
      1 129080
      1 129073
      1 129072
      1 129000
      1 128887
      1 128793
      1 128774
      1 128773
      1 128634
      1 128600
      1 128238
      1 128210
      1 128127
      1 128042
      1 128026
      1 128000
      1 127947
      1 127796
      1 127706
      1 127626
      1 127552
      1 127407
      1 127400
      1 127354
      1 127058
      1 126911
      1 126832
      1 126789
      1 126764
      1 126626
      1 126586
      1 126521
      1 126493
      1 126466
      1 126409
      1 126354
      1 126206
      1 126199
      1 126080
      1 125879
      1 125856
      1 125854
      1 125826
      1 125800
      1 125592
      1 125580
      1 125560
      1 125558
      1 125399
      1 125333
      1 125158
      1 125133
      1 125013
      1 124865
      1 124849
      1 124600
      1 124586
      1 124558
      1 124546
      1 124544
      1 124347
      1 124333
      1 124240
      1 124076
      1 123952
      1 123946
      1 123875
      1 123846
      1 123535
      1 123453
      1 123363
      1 123333
      1 123330
      1 123320
      1 123186
      1 123146
      1 123124
      1 123120
      1 123107
      1 123056
      1 123026
      1 122440
      1 122400
      1 122130
      1 122083
      1 121853
      1 121678
      1 121662
      1 121555
      1 121466
      1 121414
      1 121066
      1 121013
      1 121000
      1 120839
      1 120581
      1 120579
      1 120386
      1 120332
      1 120137
      1 119996
      1 119536
      1 119500
      1 119453
      1 119066
      1 118700
      1 118674
      1 118627
      1 118622
      1 118462
      1 118246
      1 118218
      1 117999
      1 117946
      1 117882
      1 117777
      1 117764
      1 117666
      1 117512
      1 117386
      1 117093
      1 117044
      1 116913
      1 116884
      1 116739
      1 116413
      1 116363
      1 1163250
      1 116282
      1 116160
      1 116000
      1 115821
      1 115573
      1 115467
      1 115253
      1 115151
      1 115026
      1 1149100
      1 114418
      1 114240
      1 114013
      1 113840
      1 113821
      1 113406
      1 113062
      1 112684
      1 112440
      1  1/12/2001 - BBC One"
      1 112198
      1 111600
      1 111333
      1 110923
      1 110533
      1 110329
      1 110031
      1 10 Little Kittens
      1 109986
      1 109600
      1 109506
      1 1095053
      1 109440
      1 109114
      1 108973
      1 108826
      1 108570
      1 108500
      1 108481
      1 108460
      1 108360
      1 108261
      1 108208
      1 108200
      1 108148
      1 107733
      1 107533
      1 107266
      1 107093
      1 107000
      1 106900
      1 106880
      1 106253
      1 106138
      1 106110
      1 105940
      1 105813
      1 105770
      1 105760
      1 105454
      1 104929
      1 104620
      1 104292
      1 104173
      1 104025
      1 103858
      1 103813
      1 103803
      1 103772
      1 103760
      1 103557
      1 103448
      1 103443
      1 103334
      1 102989
      1 102500
      1 101800
      1 101668
      1 101572
      1 101120
      1 100813
      1 100754
      1 100600
      1 100586
      1 100536
      1 100533
      1 100449
      1 100414
      1 100337
      1 1002146
      1 100075
      1 100000
      1 "
